[[ 0.          0.35355339  0.          0.35355339  0.70710678  0.35355339
   0.35355339]
 [ 0.98639392  0.          0.16439899  0.          0.          0.          0.        ]
 [ 0.16439899  0.         -0.98639392  0.          0.          0.          0.        ]
 [ 0.          0.35355339  0.          0.80663523 -0.38672954 -0.19336477
  -0.19336477]
 [ 0.          0.70710678  0.         -0.38672954  0.22654092 -0.38672954
  -0.38672954]
 [ 0.          0.35355339  0.         -0.19336477 -0.38672954  0.80663523
  -0.19336477]
 [ 0.          0.35355339  0.         -0.19336477 -0.38672954 -0.19336477
   0.80663523]]
[[ 0.  1.]
 [ 1.  0.]]